0.0000000000000000 0.0000000000000000 0.0000000000000000 0.0000000000000000 0.0000000000000000 0.0000000000000000 0.0000000000000000 0.0000000000000000 0.0000000000000000 0.0000000000000000 0.0000000000000000 0.0000000000000000 0.0000000000000000 0.0000000000000000 0.0000000000000000 0.0000000000000000 0.0000000000000000 0.0000000000000000 0.0000000000000000 0.0000000000000000 0.0000000000000000 0.0000000000000000 0.0000000000000000 0.0000000000000000 0.0000000000000000
0.0000000000000000 0.0000196443000449 0.0000402862206046 0.0000629310879416 0.0000886424425111 0.0001185930786147 0.0001541073794951 0.0001966806538576 0.0002479615006412 0.0003096832570024 0.0003835270061709 0.0004708977368495 0.0005725974443234 0.0006883836141229 0.0008164077664226 0.0009525356468505 0.0010895582782697 0.0012163157974765 0.0013167907772784 0.0013693321656039 0.0013464571234638 0.0012163729843579 0.0009488369678072 0.0005305558605195 0.0000000000000000
0.0000000000000000 0.0000349749212865 0.0000719680587935 0.0001129799602089 0.0001602089079278 0.0002161966344618 0.0002839531609722 0.0003670293681690 0.0004695102811056 0.0005959153104247 0.0007509593614186 0.0009391254043098 0.0011640060214944 0.0014273842095016 0.0017280398600834 0.0020602819723712 0.0024122045006953 0.0027636212617799 0.0030835145923140 0.0033265931393125 0.0034282182963650 0.0032968621234848 0.0028048958007456 0.0017797634988723 0.0000000000000000
0.0000000000000000 0.0000419306701922 0.0000867433922129 0.0001370428670602 0.0001958198624941 0.0002667509891465 0.0003544640678310 0.0004646826009727 0.0006041716476013 0.0007806515617781 0.0010024871652268 0.0012780297967419 0.0016145197113882 0.0020164881575275 0.0024836497339678 0.0030083510776417 0.0035727308115892 0.0041458027363666 0.0046805628014519 0.0051105531614717 0.0053430198742968 0.0052389420882066 0.0045804652711545 0.0030200897298751 0.0000000000000000
0.0000000000000000 0.0000381534829244 0.0000796787563710 0.0001268141408228 0.0001823188184407 0.0002500281749482 0.0003354456198155 0.0004460533949602 0.0005902667650644 0.0007777844661829 0.0010192854974787 0.0013254468851331 0.0017051546110600 0.0021627752413620 0.0026944412037977 0.0032835033413419 0.0038956866537005 0.0044752083864181 0.0049445800179442 0.0052140213072533 0.0052138802913191 0.0048631059965387 0.0040398504462067 0.0025399777006738 0.0000000000000000
0.0000000000000000 0.0000249519320303 0.0000533510738179 0.0000854070270351 0.0001214957672584 0.0001630513919944 0.0002144507197419 0.0002873805258983 0.0003872757977643 0.0005216783233937 0.0006993796228629 0.0009290291912571 0.0012168163282293 0.0015628898148148 0.0019562589607687 0.0023680175649903 0.0027427625213159 0.0029877965008875 0.0029585469235869 0.0024353735698068 0.0015520700982141 0.0004972866294213 -0.0004476730975487 -0.0008435404285123 0.0000000000000000
0.0000000000000000 0.0000088642518901 0.0000217263430411 0.0000349955003998 0.0000429931632495 0.0000366058070678 0.0000000000000000 0.0000000000000000 0.0000000000000000 0.0000000000000000 0.0000000000000000 0.0000000000000000 0.0000000000000000 0.0000000000000000 0.0000000000000000 0.0000000000000000 0.0000000000000000 0.0000000000000000 0.0000000000000000 -0.0018927311249657 -0.0039290115676143 -0.0055555358064430 -0.0061074464604647 -0.0046838505625204 0.0000000000000000
0.0000000000000000 -0.0000002553713381 0.0000077134682672 0.0000188155950467 0.0000262790099643 0.0000223857812174 0.0000000000000000 0.0000000000000000 0.0000000000000000 0.0000000000000000 0.0000000000000000 0.0000000000000000 0.0000000000000000 0.0000000000000000 0.0000000000000000 0.0000000000000000 0.0000000000000000 0.0000000000000000 0.0000000000000000 -0.0038206217463723 -0.0064462515552335 -0.0076656616916773 -0.0071838676273588 -0.0047068899364557 0.0000000000000000
0.0000000000000000 -0.0000002010605611 0.0000141774060263 0.0000345916801545 0.0000490596839080 0.0000429284421473 0.0000000000000000 0.0000000000000000 0.0000000000000000 0.0000000000000000 0.0000000000000000 0.0000000000000000 0.0000000000000000 0.0000000000000000 0.0000000000000000 0.0000000000000000 0.0000000000000000 0.0000000000000000 0.0000000000000000 -0.0029531187558747 -0.0042147479918047 -0.0040370592206007 -0.0028166067198860 -0.0011688555853513 0.0000000000000000
0.0000000000000000 0.0000118209218491 0.0000465330931707 0.0000886613549813 0.0001153539583090 0.0000971681168165 0.0000000000000000 0.0000000000000000 0.0000000000000000 0.0000000000000000 0.0000000000000000 0.0000000000000000 0.0000000000000000 0.0000000000000000 0.0000000000000000 0.0000000000000000 0.0000000000000000 0.0000000000000000 0.0000000000000000 -0.0003359516571857 0.0002783276021852 0.0012930702695262 0.0020618170886444 0.0018813130292918 0.0000000000000000
0.0000000000000000 0.0000419206895304 0.0001174253020277 0.0001991765759861 0.0002453233127080 0.0002004426037967 0.0000000000000000 0.0000000000000000 0.0000000000000000 0.0000000000000000 0.0000000000000000 0.0000000000000000 0.0000000000000000 0.0000000000000000 0.0000000000000000 0.0000000000000000 0.0000000000000000 0.0000000000000000 0.0000000000000000 0.0017211661902383 0.0031180495722243 0.0038631853808826 0.0036893638645095 0.0024256226128805 0.0000000000000000
0.0000000000000000 0.0000996687215051 0.0002464911193152 0.0003942705532791 0.0004701155424129 0.0003760517169640 0.0000000000000000 0.0000000000000000 0.0000000000000000 0.0000000000000000 0.0000000000000000 0.0000000000000000 0.0000000000000000 0.0000000000000000 0.0000000000000000 0.0000000000000000 0.0000000000000000 0.0000000000000000 0.0000000000000000 0.0018867791077661 0.0028316917141611 0.0029584962219762 0.0024041277094373 0.0013413687070543 0.0000000000000000
0.0000000000000000 0.0001975781443444 0.0004592789559774 0.0007102700153119 0.0008292304313597 0.0006523692837519 0.0000000000000000 0.0000000000000000 0.0000000000000000 0.0000000000000000 0.0000000000000000 0.0000000000000000 0.0000000000000000 0.0000000000000000 0.0000000000000000 0.0000000000000000 0.0000000000000000 0.0000000000000000 0.0000000000000000 0.0000000000000000 0.0000000000000000 0.0000000000000000 0.0000000000000000 0.0000000000000000 0.0000000000000000
0.0000000000000000 0.0003499079464364 0.0007850013899486 0.0011885477675893 0.0013665730716002 0.0010588855270031 0.0000000000000000 0.0000000000000000 0.0000000000000000 0.0000000000000000 0.0000000000000000 0.0000000000000000 0.0000000000000000 0.0000000000000000 0.0000000000000000 0.0000000000000000 0.0000000000000000 0.0000000000000000 0.0000000000000000 0.0000000000000000 0.0000000000000000 0.0000000000000000 0.0000000000000000 0.0000000000000000 0.0000000000000000
0.0000000000000000 0.0005699744752137 0.0012515056767219 0.0018686609940679 0.0021223962961316 0.0016188888453230 0.0000000000000000 0.0000000000000000 0.0000000000000000 0.0000000000000000 0.0000000000000000 0.0000000000000000 0.0000000000000000 0.0000000000000000 0.0000000000000000 0.0000000000000000 0.0000000000000000 0.0000000000000000 0.0000000000000000 0.0000000000000000 0.0000000000000000 0.0000000000000000 0.0000000000000000 0.0000000000000000 0.0000000000000000
0.0000000000000000 0.0008643255460421 0.0018743020733247 0.0027735172576162 0.0031167309159574 0.0023358913159071 0.0000000000000000 0.0000000000000000 0.0000000000000000 0.0000000000000000 0.0000000000000000 0.0000000000000000 0.0000000000000000 0.0000000000000000 0.0000000000000000 0.0000000000000000 0.0000000000000000 0.0000000000000000 0.0000000000000000 0.0000000000000000 0.0000000000000000 0.0000000000000000 0.0000000000000000 0.0000000000000000 0.0000000000000000
0.0000000000000000 0.0012207721522834 0.0026333015170048 0.0038768904832465 0.0043130158816040 0.0031655603840590 0.0000000000000000 0.0000000000000000 0.0000000000000000 0.0000000000000000 0.0000000000000000 0.0000000000000000 0.0000000000000000 0.0000000000000000 0.0000000000000000 0.0000000000000000 0.0000000000000000 0.0000000000000000 0.0000000000000000 0.0000000000000000 0.0000000000000000 0.0000000000000000 0.0000000000000000 0.0000000000000000 0.0000000000000000
0.0000000000000000 0.0015872667785573 0.0034276976243495 0.0050317008149421 0.0055263895881246 0.0039370175800832 0.0000000000000000 0.0000000000000000 0.0000000000000000 0.0000000000000000 0.0000000000000000 0.0000000000000000 0.0000000000000000 0.0000000000000000 0.0000000000000000 0.0000000000000000 0.0000000000000000 0.0000000000000000 0.0000000000000000 0.0000000000000000 0.0000000000000000 0.0000000000000000 0.0000000000000000 0.0000000000000000 0.0000000000000000
0.0000000000000000 0.0018527831052388 0.0040181202082459 0.0058337571597562 0.0061644041415867 0.0040068344750595 0.0000000000000000 0.0000000000000000 0.0000000000000000 0.0000000000000000 0.0000000000000000 0.0000000000000000 0.0000000000000000 0.0000000000000000 0.0000000000000000 0.0000000000000000 0.0000000000000000 0.0000000000000000 0.0000000000000000 0.0000000000000000 0.0000000000000000 0.0000000000000000 0.0000000000000000 0.0000000000000000 0.0000000000000000
0.0000000000000000 0.0019082470079486 0.0041135374869428 0.0056025090500458 0.0046814703109852 -0.0000461056065566 -0.0075424382814844 -0.0133348033968672 -0.0134865995241005 -0.0082392515147283 -0.0020591472113911 0.0009710550693622 0.0000000000000000 0.0000000000000000 0.0000000000000000 0.0000000000000000 0.0000000000000000 0.0000000000000000 0.0000000000000000 0.0000000000000000 0.0000000000000000 0.0000000000000000 0.0000000000000000 0.0000000000000000 0.0000000000000000
0.0000000000000000 0.0019269545959675 0.0041302356866346 0.0051649921786416 0.0027126294324875 -0.0047563438368026 -0.0148527321230802 -0.0209194196657965 -0.0181427421480080 -0.0092840656091924 -0.0013787440886355 0.0015102022740090 0.0000000000000000 0.0000000000000000 0.0000000000000000 0.0000000000000000 0.0000000000000000 0.0000000000000000 0.0000000000000000 0.0000000000000000 0.0000000000000000 0.0000000000000000 0.0000000000000000 0.0000000000000000 0.0000000000000000
0.0000000000000000 0.0020714705954592 0.0044362927238011 0.0051520982989821 0.0012000333860518 -0.0088170591678325 -0.0204148284678101 -0.0246407647278244 -0.0178959753501111 -0.0066449062345408 0.0008352932917595 0.0022643721555986 0.0000000000000000 0.0000000000000000 0.0000000000000000 0.0000000000000000 0.0000000000000000 0.0000000000000000 0.0000000000000000 0.0000000000000000 0.0000000000000000 0.0000000000000000 0.0000000000000000 0.0000000000000000 0.0000000000000000
0.0000000000000000 0.0023038374487863 0.0050239888947248 0.0057055301376503 0.0005551041950791 -0.0114725006147522 -0.0233170091471018 -0.0243471020714225 -0.0139114314986029 -0.0021408265546567 0.0033098435564196 0.0028299532940892 0.0000000000000000 0.0000000000000000 0.0000000000000000 0.0000000000000000 0.0000000000000000 0.0000000000000000 0.0000000000000000 0.0000000000000000 0.0000000000000000 0.0000000000000000 0.0000000000000000 0.0000000000000000 0.0000000000000000
0.0000000000000000 0.0020906367656748 0.0049205273522634 0.0059285207455213 0.0009241800235125 -0.0107944253798995 -0.0205776698177642 -0.0182599357972664 -0.0069032818433996 0.0022167835350151 0.0044424842028188 0.0025238510952246 0.0000000000000000 0.0000000000000000 0.0000000000000000 0.0000000000000000 0.0000000000000000 0.0000000000000000 0.0000000000000000 0.0000000000000000 0.0000000000000000 0.0000000000000000 0.0000000000000000 0.0000000000000000 0.0000000000000000
0.0000000000000000 0.0000000000000000 0.0000000000000000 0.0000000000000000 0.0000000000000000 0.0000000000000000 0.0000000000000000 0.0000000000000000 0.0000000000000000 0.0000000000000000 0.0000000000000000 0.0000000000000000 0.0000000000000000 0.0000000000000000 0.0000000000000000 0.0000000000000000 0.0000000000000000 0.0000000000000000 0.0000000000000000 0.0000000000000000 0.0000000000000000 0.0000000000000000 0.0000000000000000 0.0000000000000000 0.0000000000000000
