1.0000000000000000 1.2840254166877414 2.1170000166126743 2.7182818284590451 2.1170000166126748 1.2840254166877418 1.0000000000000000 0.0000000000000000 0.0000000000000000 0.0000000000000000 0.0000000000000000 0.0000000000000000 0.0000000000000000
1.0000000000000000 1.2177272437556652 1.9482385641382423 2.7682607714125131 2.4727324317977777 1.5625252674921983 1.0692818961849446 0.0000000000000000 0.0000000000000000 0.0000000000000000 0.0000000000000000 0.0000000000000000 0.0000000000000000
1.0000000000000000 1.1781035384461049 1.7830800068245343 2.6028288942825233 2.7114951691908726 1.9577624451087865 1.2840254166877418 0.0000000000000000 0.0000000000000000 0.0000000000000000 0.0000000000000000 0.0000000000000000 0.0000000000000000
1.0000000000000000 1.1400007832885046 1.6199143232167590 2.3479753194269044 2.7182818284590451 2.3479753194269048 1.6487212707001284 0.0000000000000000 0.0000000000000000 0.0000000000000000 0.0000000000000000 0.0000000000000000 0.0000000000000000
1.0000000000000000 1.1134743198855219 1.4937287147679068 2.1170000166126743 0.0000000000000000 0.0000000000000000 0.0000000000000000 0.0000000000000000 0.0000000000000000 0.0000000000000000 0.0000000000000000 0.0000000000000000 0.0000000000000000
1.0000000000000000 1.0897428792397648 1.3810306401675794 1.8765022198226038 0.0000000000000000 0.0000000000000000 0.0000000000000000 0.0000000000000000 0.0000000000000000 0.0000000000000000 0.0000000000000000 0.0000000000000000 0.0000000000000000
1.0000000000000000 1.0675148057667012 1.2807405596469876 1.6487212707001284 0.0000000000000000 0.0000000000000000 0.0000000000000000 0.0000000000000000 0.0000000000000000 1.6487212707001284 1.2840254166877418 1.0692818961849446 1.0000000000000000
1.0000000000000000 1.0475155330798274 1.1945828792892481 1.4485897217409200 0.0000000000000000 0.0000000000000000 0.0000000000000000 0.0000000000000000 0.0000000000000000 2.3479753194269048 1.9436386103836119 1.5635065527980088 1.2840254166877418
1.0000000000000000 1.0305643099390966 1.1239024394450541 1.2840254166877414 0.0000000000000000 0.0000000000000000 0.0000000000000000 0.0000000000000000 0.0000000000000000 2.7182818284590451 2.6546489714446531 2.4299702568202814 2.1170000166126748
1.0000000000000000 1.0171324359432687 1.0691731349116009 1.1577131181781439 1.2840254166877414 1.4485897217409200 1.6487212707001284 1.8765022198226038 2.1170000166126743 2.3479753194269044 2.5584538621009871 2.6965967050128299 2.7182818284590451
1.0000000000000000 1.0072910682044907 1.0298464657201836 1.0678747813695291 1.1216231106492933 1.1913012324774506 1.2769283408879677 1.3782928127774159 1.4951011049659322 1.6273822626873840 1.7760756022354818 1.9394291443999552 2.1170000166126743
1.0000000000000000 1.0016108748059784 1.0069733877802167 1.0160341536973101 1.0287244998323839 1.0449580044429065 1.0646492398223726 1.0877839382243126 1.1145623104218503 1.1456201226565796 1.1823003833340680 1.2269212941428418 1.2840254166877414
1.0000000000000000 1.0000000000000000 1.0000000000000000 1.0000000000000000 1.0000000000000000 1.0000000000000000 1.0000000000000000 1.0000000000000000 1.0000000000000000 1.0000000000000000 1.0000000000000000 1.0000000000000000 1.0000000000000000
